1
2222
2
3
9
80
9
11
10
11
999
1122
91111111111111
1
234
2
3
9
8
9
93
44
33
8
111
999
6555
123
9
10
00
ppp
000
11
3
9
7788
00
8
9
11
100
4s
ad
111111111111111111
1
234
2
3
9
8
9
11
3
111111111111111111
1
234
2
3
9
8
999
11
3
123
1122
11
3
9
8
9
11
3
9111111111111111111
1
234
2
3
9
8
9
11
3
8
9
11
1

2
3
9
8
9
11
3
9
8
9
11
3
9
8
9
11

11
3
9
8
9
11
3
9
81

2
3
9
8
9
11
3
9
8
9
11
3
9
8
9
11

11
3
9
8
9
11
3
9
8
9
11
1

2
3
9
8
9
11
3
9
8
9
11
3
9
8
9
11

11
3
9
8
9
11
3
9
8
9
11
1

2
3
9
8
9
11
3
9
8
9
11
3
9
8

9
11

9
11
1

2
3
9
8
9
11
3
9
8
9
11
3
9
8

9
11

11
3
9
8
9
11
3
9
8
9
11
1

2
3
9
8
9
11
3
9
8
8
9
11
3
9
8
9
11
3
9
81

2
3
9
8
9
11
3
9
8
9
11
3
9
8
9
11

11
3
9
8
9
11
3
9
8
9
11
1

2
3
9
8
9
11
3
9
8
9
11
3
9
8
9
11

11
3
9
8
9
11
3
9
8
9
11
1
123
2
3
9
8
9
11
3
9
8
9
11
3
9
8

9
11

9
11
1

2
000
3
9
8
9
11
3
9
8
9
11
3
9
8

9
11
11
22
22
3311
22
3311
111
3
3311
22
3311
0000
2311
22
22
3311
22
3311
111
22
3
3311
22
3311
0000
2311
22
22
3311
22
3311
111
22
3
3311
22
3311
0000
2311
22
22
3311
22
3311
111
22
3
3311
22
3311
0000
2311
22
22
3311
22
3311
111
22
3
3311
22
3311
0000
2311
22
22
3311
22
3311
111
22
3
3311
22
3311
0000
2311
22
22
3311
22
3311
111
22
3
3311
22
3311
0000
2311
22
22
3311
22
0000
111
22
3
3311
22
3311
0000
2311
22
22
3311
22
3311
111
22
3
3311
22
3311
0000
2311
22
22
3311
22
3311
111
22
3
3311
22
3311
0000
2311
22
22
3311
22
3311
111
22
3
3311
22
3311
0000
2311
22
22
3311
22
3311
111
22
3
3311
22
3311
33355
0000
2311
22
22
3311
22
3311
111
22
3
3311
