11
22
3311
4444
2211111
ffw
3311
22
3311
4444
2211111
ffw
4444
2211111
ffw
4444
2211111
ffw
4444
2211111
ffw
4444
2211111
ffw
99
10
11
22
22
3311
22
3311
111
22
3
3311
22
3311
0000
2311
22
22
3311
22
3311
111
22
3
3311
22
3311
0000
2311
22
22
3311
22
3311
111
22
3
3311
22
3311
0000
23
11
22
22
3311
22
3311
111
22
3
3311
22
3311
0000
23
4

22
3311
22
3311
22
3311
22
88
99
100
66
666
11
22
22
3311
22
3311
22
3
3311
22
3311
22
3311
22
3311
22
3311
22
3311
22
33
88
99
100
66
666
66
666
11
22
22
3311
22
3311
22
3
3311
22
3311
22
3311
22
3311
22
3311
22
3311
22
33
88
99
111
11
22
22
22
3311
22
3311
444411
2
3311
22
3311
22
3311
4444
2211
22
22
3311
22
3311
4444
2211111
ffw
11
22
55
111111
66
33
55
11
5555555555123
4444
2211111
ffw
4444
2211111
ffw
4444
2211111
ffw
4444
2211111
ffw
